216 346,414
217 433,526
214 559,570
215 226,294
212 415,470
213 43,267,308
210 443,520
211 53,392
165 451,496
264 105,171
265 556,253,366
218 334,386
219 199,302
133 6,126
132 141,519
131 480,500
130 179,348
137 106,524
136 304,587
135 42,510
134 113,120
139 440,545
138 365,490
166 258,397
24 27,404
25 58,252
26 157,565,431
27 347,462
20 8,435
21 152,484
22 271,502
23 155,381
160 391,405
28 597,521
29 23,523
161 210,486
289 61,475
0 21,198
4 83,136
281 135,151
8 93,99
283 183,352
163 575,530
285 139,268
284 70,413
287 19,167,282,283
286 2,31
119 311,343
258 122,315
120 395,551
121 9,46
122 116,329
123 33,400
124 222,428
125 172,204
126 0,485
127 129,376
128 340,396
129 213,291
269 110,364
268 234,529
167 188,208
118 508,515
59 153,235
58 319,419
55 287,382
54 303,374
57 248,305
56 114,349
51 239,344
50 375,507
53 378,420
52 127,261
259 11,416
276 181,505
164 68,534
201 60,353,368
199 76,549
179 112,552
200 148,367
195 47,401
194 249,472
197 160,567,424,491
178 77,498
191 85,447
190 566,278
193 236,425
192 88,460
115 323,458
114 557,482
88 12,214
89 173,438
111 80,193
110 298,383
113 421,481
112 15,202
82 180,328
83 102,409
80 51,262
81 36,336
86 57,270
87 158,423
84 300,449
85 238,467
251 108,471
198 560,562
256 418,493
206 483,522
226 159,377
257 339,459
3 86,189
177 45,192
254 292,544
7 216,599
247 81,406
273 73,430
255 555,264
225 104,140
245 133,290
244 49,539
108 72,233
109 34,169
241 547,553
240 14,511
243 332,437
242 465,533
102 186,469
103 50,537
100 257,578
101 247,359
106 65,109
107 190,422
104 588,506
105 432,590
39 144,488
38 22,306
33 111,429
32 7,243
31 97,98,166
30 220,309
37 245,456
36 231,307
35 66,250
34 170,412
246 285,504
282 145,543
252 317,322
205 579,466
223 569,581
176 572,513
60 360,441
61 128,299
62 32,436
63 227,501
64 358,442
65 312,342
66 82,95
67 399,525
68 276,546
69 3,205,297
175 30,379
174 79,265
173 574,351
172 568,284
171 219,246
170 476,516
203 69,474
222 212,363
288 156,274
181 149,454
253 78,228
248 331,371
182 174,197
183 580,583
180 337,494
2 24,187
162 71,563
187 178,333
184 35,558
6 154,177
220 357,582
186 26,503
188 206,591
189 90,313,325
202 200,301
196 25,561,411
221 223,384
185 237,446
271 29,91
99 131,335
98 254,457
168 495,509
169 55,402
229 52,194
228 370,448
91 92,259
90 28,241
93 380,389
92 314,463
95 20,101
94 240,408
97 464,473
96 211,350
11 143,182
10 115,518
13 39,354,453
12 295,499
15 217,280
14 100,373
17 576,417
16 330,531
19 41,142
18 125,541
117 256,492
116 75,293
270 146,517
274 54,341,589
204 209,594
224 564,191
275 601,586
151 130,277
150 74,478
153 165,479
152 279,445
155 40,162
154 107,361
157 118,403
156 318,372
159 119,123
158 310,452,540
277 224,514
234 320,487
238 134,455
239 362,585
227 577,345
279 96,461
207 201,571
235 48,215
236 439,584
237 1,260
230 573,321
231 4,132,444,593
232 497,527
233 13,369
280 161,164,185
48 117,218
49 16,17
46 67,326
47 168,288
44 269,398
45 221,356
42 281,286
43 554,230
40 385,410
41 316,450
1 427,548
5 5,489
9 273,394
272 44,64,87,324
146 38,84
147 592,542
144 595,251
145 176,598,528
142 94,338
143 18,147
140 175,272
141 138,150
209 242,407
208 266,387
148 63,89
149 103,550
77 512,532
76 196,296
75 225,255
74 62,289
73 203,538
72 184,434
71 56,275
70 37,327
278 121,263,390
79 195,393
78 163,229
263 244,536
249 137,426
262 207,468
261 232,355
250 124,388
260 600,596
267 59,535
266 10,477
